# GIMP colorrc
# 
# This file holds a list of recently used colors.

(color-history
    (color-rgba 0 0 0 4.6692905664347394e-310)
    (color-rgba 0.97283477149248976 0.42953020134228193 1 1)
    (color-rgba 0.87830687830687837 0.78071722516166964 0 1)
    (color-rgba 0 0 0 1)
    (color-rgba 0.11931394481730051 0.50793650793650791 0.42774455046746501 1)
    (color-rgba 0.13795674869500374 0.48498627224524732 0.97883597883597884 1)
    (color-rgba 0.6878306878306879 0 0 1)
    (color-rgba 1 1 1 1)
    (color-rgba 0.093390442596791634 0.73544973544973546 0 1)
    (color-rgba 0 0.73418997228521043 0.74603174603174605 1)
    (color-rgba 0.81176477670669556 0.4901961088180542 0 1)
    (color-rgba 0.76078438758850098 0.75294125080108643 0.75294125080108643 1)
    (color-rgba 0.81568634510040283 0.81568634510040283 0.81568634510040283 1)
    (color-rgba 0.87450987100601196 0.89411771297454834 0.89803928136825562 1)
    (color-rgba 0 0.98412698412698418 1 1)
    (color-rgba 0.27843138575553894 0.55686277151107788 0.364705890417099 1)
    (color-rgba 0.38823533058166504 0.58823531866073608 0.54509806632995605 1)
    (color-rgba 0.87843143939971924 0.88627457618713379 0.88627457618713379 1)
    (color-rgba 0.89411771297454834 0.90196084976196289 0.90588241815567017 1)
    (color-rgba 0 0.84210526315789425 1 1)
    (color-rgba 0.8133971291866029 0.49037338888761689 0 1)
    (color-rgba 0 0.63636363636363635 0.024358416702914436 1)
    (color-rgba 0.41097622190410676 0.32638643588837873 0.57894736842105265 1)
    (color-rgba 1 0 0 1)
    (color-rgba 0.058823529411764941 1 0 1)
    (color-rgba 0.41176470588235325 0 1 1)
    (color-rgba 0.94117653369903564 0.0078431377187371254 0.0039215688593685627 1)
    (color-rgba 0.23529413342475891 0.18431372940540314 0.11764706671237946 1)
    (color-rgba 0.9509803921568627 0 0 1)
    (color-rgba 0.83823529411764708 0 0 1)
    (color-rgba 0.47058823529411764 0 0 1)
    (color-rgba 0.46568627450980393 0.46568627450980393 0.46568627450980393 1)
    (color-rgba 0.86274509803921573 0.76942012493904011 0.069482826687722071 1)
    (color-rgba 0.68137254901960786 0.60121107266436002 0 1)
    (color-rgba 0.13333334028720856 0.11764706671237946 0.12156863510608673 1))

# end of colorrc
